STN,YYYYMMDD,DDVEC,FHVEC,   FG,  FHX, FHXH,  FHN, FHNH,  FXX, FXXH,   TG,   TN,  TNH,   TX,  TXH, T10N,T10NH,   SQ,   SP,    Q,   DR,   RH,  RHX, RHXH,   PG,   PX,  PXH,   PN,  PNH,  VVN, VVNH,  VVX, VVXH,   NG,   UG,   UX,  UXH,   UN,  UNH, EV24
  260,20160901,  283,   10,   18,   30,    9,    0,   20,   70,   16,  172,  102,   24,  229,   13,   78,   24,   62,   45, 1137,    0,    0,    0,    1,10219,10228,   19,10207,    2,    7,   24,   82,   12,    7,   83,   99,   24,   56,   14,   20
  260,20160902,  218,   28,   31,   50,   12,   10,    1,   90,   13,  166,   97,    2,  217,   13,   76,    6,   42,   31, 1301,   14,   10,    5,   20,10193,10216,    1,10175,   18,    4,    1,   80,   17,    8,   82,  100,    1,   63,   12,   22
  260,20160903,  218,   28,   29,   50,   12,   20,    1,  100,   23,  185,  144,    1,  229,   13,  129,    6,   49,   36, 1371,    9,   10,    6,   23,10158,10182,    8,10117,   24,   50,   19,   81,   15,    8,   79,   97,    5,   58,   15,   24
  260,20160904,  252,   43,   47,   60,    7,   30,   20,  140,   10,  179,  157,   23,  213,   10,  150,   24,   33,   25,  994,    9,   28,   10,    9,10106,10139,   24,10082,    8,   57,   14,   80,   15,    7,   82,   90,    3,   61,   11,   17
  260,20160905,  283,   16,   21,   40,    1,    0,   20,   70,    1,  173,  115,   24,  228,   16,   92,   24,   80,   60, 1255,    0,   -1,   -1,    3,10197,10241,   23,10142,    1,   56,   24,   82,   16,    6,   81,   98,   24,   57,   17,   22
  260,20160906,  175,   14,   17,   40,   10,    0,   19,   80,   11,  177,  113,    1,  242,   18,   91,    6,   58,   44, 1217,    0,    0,    0,    1,10249,10258,    9,10237,   24,    2,   21,   80,   12,    5,   87,  100,    1,   67,   12,   21
  260,20160907,  126,   13,   17,   30,    8,    0,    2,   50,   10,  183,  114,    4,  268,   16,   87,    6,  122,   92, 1881,    0,    0,    0,    1,10193,10232,    1,10138,   23,    4,    2,   83,   17,    1,   78,  100,    2,   47,   16,   33
  260,20160908,  219,   18,   27,   40,   12,   10,    1,   90,   15,  196,  116,    5,  276,   15,   91,    6,  122,   92, 1765,    0,    0,    0,    1,10119,10159,   24,10100,   10,   58,    5,   82,   16,    1,   77,   98,    5,   48,   15,   32
  260,20160909,  193,   18,   20,   40,   12,   10,    1,   70,   12,  169,  117,    5,  229,   14,   85,    6,  112,   85, 1606,    0,    0,    0,    1,10174,10183,    9,10161,    1,    4,    4,   80,   15,    1,   83,   99,    3,   53,   14,   28
  260,20160910,  184,   23,   26,   50,   14,   10,   22,   90,   14,  184,  113,    2,  257,   15,   83,    6,  105,   80, 1740,    0,    0,    0,    1,10153,10172,    1,10139,   16,   50,    1,   82,   13,    5,   74,   98,    1,   42,   14,   31
  260,20160911,  106,   11,   18,   30,    6,   10,    2,   70,    6,  185,  148,    1,  217,   16,  127,    6,   25,   19,  963,   19,   12,    5,    5,10174,10190,   11,10148,    1,   56,    5,   75,   12,    8,   89,   97,    6,   78,   15,   17
  260,20160912,  144,   12,   18,   30,    9,   10,    3,   60,   12,  209,  150,    4,  281,   14,  122,    6,  115,   89, 1733,    0,    0,    0,    1,10159,10168,    9,10150,   17,   23,    3,   83,   17,    1,   78,   98,    2,   48,   14,   32
  260,20160913,  109,   24,   27,   50,   16,   10,    5,   80,   14,  235,  152,    6,  312,   14,  130,    6,  116,   90, 1663,    0,    0,    0,    1,10129,10147,    1,10115,   16,   60,    5,   81,   15,    0,   70,   97,    5,   41,   15,   32
  260,20160914,  105,   19,   23,   40,   13,   10,    1,   60,   13,  230,  153,    5,  314,   14,  125,    6,  115,   90, 1664,    0,    0,    0,    1,10122,10128,   10,10115,   24,   50,    1,   80,   14,    0,   71,   97,    2,   33,   14,   32
  260,20160915,  125,   11,   31,   50,   13,   20,    1,  110,   22,  226,  165,    5,  290,   14,  129,    6,   92,   72, 1526,   10,   42,   42,   24,10105,10121,   22,10089,   16,   57,   20,   80,   15,    4,   67,   97,   24,   43,   14,   29
  260,20160916,  181,   28,   30,   50,   12,   20,    1,   80,   12,  174,  155,   24,  212,   15,  136,   24,   32,   25,  673,    6,   12,   12,    1,10117,10125,   10,10107,   17,   31,    5,   80,   15,    8,   84,   98,    5,   65,   15,   12
  260,20160917,   70,    9,   20,   30,    1,   10,    9,   40,    1,  173,  137,    4,  216,   12,  125,    6,   16,   13,  835,    0,    0,    0,    1,10161,10187,   20,10120,    1,   57,    6,   80,   12,    7,   86,   97,   21,   67,   13,   14
  260,20160918,   25,   28,   29,   40,    9,   10,   19,   80,   10,  167,  142,   20,  207,   14,  128,   24,   59,   47, 1189,    0,    0,    0,    1,10180,10188,   24,10172,   15,   58,    5,   82,   16,    6,   81,   97,    4,   62,   16,   20
  260,20160919,    6,   11,   13,   20,    1,    0,   24,   50,   15,  144,   95,    4,  198,   15,   67,    6,   15,   12,  798,    0,    0,    0,    1,10202,10211,   10,10190,    1,   15,    3,   83,   14,    7,   82,   98,    3,   52,   13,   13
  260,20160920,   55,   10,   11,   20,   11,    0,    3,   50,   17,  145,   79,    6,  200,   14,   54,    6,   53,   43, 1114,    0,    0,    0,    1,10197,10203,    9,10188,   16,   18,    3,   83,   11,    6,   77,   98,    3,   45,   13,   18
  260,20160921,  119,   19,   21,   40,   10,   10,    1,   60,    8,  147,   83,   24,  207,   12,   61,   24,   86,   70, 1367,    0,    0,    0,    1,10198,10204,   21,10191,   15,   63,    1,   83,   15,    8,   74,   97,   22,   45,   12,   22
  260,20160922,  163,   16,   18,   30,    9,   10,    1,   60,   14,  138,   69,    4,  213,   14,   44,    6,   53,   43, 1059,    0,    0,    0,    1,10206,10212,   24,10201,    4,    4,   23,   75,   14,    6,   84,   99,   23,   58,   13,   17
  260,20160923,  263,   14,   21,   40,   10,    0,   19,   90,   10,  136,   73,   24,  203,   15,   49,   24,   97,   80, 1462,    0,   -1,   -1,    7,10242,10260,   20,10213,    1,    1,    3,   82,   13,    4,   80,  100,    1,   50,   13,   23
  260,20160924,  160,   26,   28,   40,   12,   20,    1,   90,   15,  152,   83,    1,  236,   14,   57,    6,   99,   82, 1436,    0,    0,    0,    1,10215,10245,    1,10175,   24,   64,    7,   83,   17,    6,   77,   97,    1,   45,   14,   24
  260,20160925,  189,   27,   35,   50,   10,   20,   17,  120,   16,  163,  121,    6,  243,   13,  100,   24,   75,   62, 1212,   13,   35,   22,   16,10172,10217,   24,10143,   12,   50,   16,   81,   12,    3,   76,   93,   16,   50,   12,   21
  260,20160926,  207,    4,   11,   20,    1,    0,   20,   50,   13,  135,   76,    6,  191,   15,   50,    6,   42,   35,  979,    0,    0,    0,    1,10236,10247,   21,10219,    1,    2,    4,   81,   12,    6,   84,  100,    6,   58,   15,   16
  260,20160927,  190,   24,   25,   50,   22,    0,    1,   80,   22,  145,   56,    6,  204,   15,   30,    6,   98,   82, 1431,    0,    0,    0,    1,10251,10262,   10,10238,   24,    3,    3,   82,   18,    4,   71,  100,    2,   46,   13,   23
  260,20160928,  231,   46,   48,   70,   15,   30,    1,  130,   15,  187,  162,    1,  216,   12,  157,    6,   78,   66, 1198,    0,   -1,   -1,    1,10224,10236,    9,10199,   24,   65,   13,   77,   10,    7,   71,   88,    6,   58,   12,   21
  260,20160929,  220,   51,   51,   80,   13,   20,   24,  140,   12,  159,  138,   24,  177,   13,  132,   24,    3,    3,  291,   17,   27,   19,   17,10144,10195,    1,10121,   15,   50,   16,   72,    3,    8,   86,   97,   17,   74,    2,    5
  260,20160930,  220,   29,   33,   60,   12,   10,   20,  110,   14,  145,  108,   21,  187,   15,   88,   24,   54,   46,  989,    0,   -1,   -1,    2,10127,10134,   11,10113,   24,   63,   20,   81,   17,    7,   79,   95,    4,   49,   15,   16
  260,20161001,  183,   26,   29,   40,   12,   20,    1,   90,   17,  135,   99,    2,  176,   14,   77,    6,   35,   30,  779,    5,   10,    9,   19,10080,10107,    1,10060,   16,   38,    4,   77,   12,    6,   84,   96,    1,   68,   12,   12
  260,20161002,  243,   28,   37,   50,   10,   20,   23,  110,   17,  121,   88,    6,  157,   11,   80,    6,   31,   27,  620,   32,  107,   47,   12,10108,10184,   24,10073,    4,   58,   13,   75,   10,    6,   90,   94,    4,   80,   10,   10
  260,20161003,  355,   22,   28,   40,   14,   20,    2,   80,   17,  145,  111,   24,  190,   14,  101,   24,   95,   82, 1124,    0,   -1,   -1,    1,10258,10312,   24,10191,    1,   65,    1,   82,   12,    3,   82,   97,    3,   58,   13,   18
  260,20161004,   75,   41,   41,   60,   14,   30,    1,   90,    9,  130,   99,   23,  173,   15,   87,   24,   56,   49,  896,    0,    0,    0,    1,10336,10346,   20,10316,    1,   59,    3,   82,   15,    4,   78,   95,    3,   58,   14,   14
  260,20161005,   66,   46,   48,   80,   11,   20,   23,  120,   10,   98,   54,   24,  141,   15,   33,   24,  102,   89, 1339,    0,    0,    0,    1,10332,10354,    9,10306,   24,   70,    2,   83,   17,    0,   72,   88,   24,   50,   14,   19
  260,20161006,   46,   36,   36,   50,   10,   20,    5,   90,   10,   94,   39,    5,  127,   14,   21,    6,   54,   48,  938,    0,    0,    0,    1,10259,10303,    1,10235,   24,   65,    3,   82,   13,    5,   78,   93,    5,   60,   10,   14
  260,20161007,   48,   28,   29,   40,   10,   20,    2,   70,    1,  118,  100,    1,  145,   15,   92,    6,   30,   27,  568,    0,    0,    0,    1,10226,10234,    1,10217,   15,   69,   24,   80,   15,    7,   82,   90,   24,   69,   15,    9
  260,20161008,   40,   22,   24,   30,    4,   20,    1,   70,   10,  110,   65,   24,  142,   12,   36,   24,   38,   34,  856,    0,   -1,   -1,    1,10252,10265,   20,10229,    3,   63,    2,   83,   15,    8,   78,   95,   24,   48,   13,   13
  260,20161009,  350,    9,   11,   20,    1,    0,   19,   70,   16,   79,   13,    6,  145,   14,  -19,    6,   69,   62,  932,    5,    4,    3,   17,10260,10269,    9,10250,   15,    2,   23,   83,   13,    5,   86,  100,    5,   52,   14,   13
  260,20161010,   60,   15,   18,   40,   16,    0,    1,   70,   12,   79,   19,    7,  135,   13,   -3,    6,   64,   58,  952,    0,    0,    0,    1,10242,10254,    1,10234,   14,    2,    2,   83,   11,    7,   80,  100,    1,   53,   15,   13
  260,20161011,   26,   16,   18,   30,   19,    0,    7,   60,   20,   80,    3,    5,  131,   15,  -27,    6,    9,    8,  461,    0,   -1,   -1,    9,10223,10234,    1,10214,   16,    3,    4,   75,   12,    6,   88,   99,    4,   71,   12,    6
  260,20161012,   64,   40,   41,   60,   12,   30,    1,  100,    7,   89,   68,   19,  110,   12,   50,   18,   16,   15,  467,    0,    0,    0,    1,10210,10220,    9,10200,   24,   68,    1,   75,    6,    8,   81,   90,    1,   71,   11,    7
  260,20161013,   83,   56,   56,   70,   14,   40,    2,  120,   16,   91,   77,    5,  114,   16,   70,    6,   19,   17,  509,    0,    0,    0,    1,10161,10198,    1,10121,   24,   63,   22,   80,   15,    8,   79,   87,    1,   69,   15,    7
  260,20161014,   87,   45,   45,   60,    1,   30,   17,  100,    1,   99,   73,    7,  134,   14,   70,    6,   43,   40,  809,   34,   47,   18,   22,10080,10117,    1,10048,   24,   34,   24,   73,   11,    8,   80,   97,   23,   66,   14,   12
  260,20161015,  167,   21,   28,   40,    9,   20,    1,   80,    9,  107,   89,   20,  137,   15,   56,   24,   14,   13,  264,   59,   41,   19,    2,10107,10172,   24,10044,    4,   21,    6,   64,   16,    7,   93,   98,    1,   81,   15,    4
  260,20161016,  144,   32,   33,   50,   14,   20,   22,   80,   12,  133,   82,    6,  188,   14,   73,    6,   97,   91, 1051,    0,   -1,   -1,    4,10182,10188,    8,10175,    1,   61,    4,   77,   12,    5,   80,   92,   24,   64,   13,   17
  260,20161017,  194,   19,   22,   40,   10,   10,    1,   80,   10,  121,   82,   24,  163,   14,   50,   24,   43,   41,  607,    4,    2,    2,    4,10203,10216,   18,10183,    3,   29,   21,   70,    8,    5,   90,   98,   19,   76,   13,    9
  260,20161018,  211,   33,   36,   60,   14,   20,    1,  130,   14,  102,   75,   19,  128,   11,   53,   24,   29,   28,  350,   37,  117,   67,   15,10174,10208,    1,10148,   23,   20,   14,   70,   16,    6,   90,   96,    6,   83,   17,    5
  260,20161019,  288,   24,   35,   60,    9,   10,   18,  150,   10,   88,   44,   20,  120,    9,   17,   24,   57,   54,  703,   43,  134,   84,    6,10133,10157,   18,10096,    8,   56,   19,   75,   11,    7,   87,   98,   19,   73,   13,   10
  260,20161020,  345,   23,   25,   50,   12,   10,    5,  100,   10,   85,   27,   24,  120,   12,   -1,   24,    0,    0,  293,   28,    9,    3,   12,10143,10164,   24,10131,    3,   31,   24,   70,   14,    5,   95,   98,    5,   88,   15,    4
  260,20161021,  300,   12,   15,   30,   14,    0,    7,   70,   15,   76,   15,    2,  127,   14,  -11,    6,   46,   44,  681,    4,    2,    2,   18,10156,10169,    9,10138,   24,    1,    6,   75,   15,    7,   93,  100,    7,   73,   14,    9
  260,20161022,   30,   12,   15,   30,    5,    0,   18,   60,    4,   67,   10,   24,  104,   15,  -13,   24,   21,   20,  486,    0,    0,    0,    1,10149,10156,   20,10135,    3,    1,   24,   70,   15,    6,   89,   99,   21,   67,   15,    6
  260,20161023,  106,   11,   14,   30,   14,    0,    1,   50,   15,   48,   -7,    6,  116,   13,  -24,    6,   90,   88,  914,    0,    0,    0,    1,10135,10149,    1,10125,   15,    1,    1,   73,   15,    4,   87,  100,    3,   59,   15,   11
  260,20161024,   53,   22,   23,   40,   11,   10,    1,   70,   11,   71,   41,    1,   95,   12,   30,    6,    8,    8,  373,    0,    0,    0,    1,10141,10169,   24,10129,    3,   36,   24,   61,   11,    8,   90,   96,    5,   82,   12,    5
  260,20161025,   35,   13,   14,   30,   16,    0,   23,   50,   16,   87,   79,    1,  101,   12,   80,    6,    0,    0,  262,    0,    0,    0,    1,10237,10277,   24,10177,    1,   16,    2,   61,   10,    8,   92,   98,    2,   85,   11,    4
  260,20161026,  198,   19,   21,   30,   11,    0,    4,   60,   12,   95,   40,    7,  126,   12,   16,   12,   43,   43,  518,    0,   -1,   -1,   13,10286,10297,   20,10273,    1,    2,    6,   58,   10,    7,   89,   99,    6,   75,   11,    7
  260,20161027,  222,   34,   35,   50,   23,   20,    3,   90,   13,  118,  104,    7,  138,   14,  102,    6,   11,   11,  323,    0,    0,    0,    1,10308,10320,   10,10295,    3,    3,    7,   70,   17,    8,   91,   99,    6,   82,   13,    5
  260,20161028,  250,   27,   30,   50,    1,   10,   23,   80,    1,  131,  103,   23,  148,   12,   94,   24,    0,    0,  140,    0,   -1,   -1,   13,10321,10345,   23,10295,    5,   50,   24,   70,   17,    8,   90,   98,   23,   85,   12,    2
  260,20161029,  306,    5,    7,   20,   11,    0,    1,   40,   12,   96,   52,   24,  154,   13,   28,   24,   72,   73,  659,    0,    0,    0,    1,10341,10357,   10,10330,   16,    2,   20,   77,   13,    3,   89,  100,    7,   65,   13,   10
  260,20161030,   90,    4,    8,   20,   21,    0,    1,   30,   17,   87,   41,    7,  153,   13,   19,   12,   50,   51,  594,    0,    0,    0,    1,10311,10328,    1,10301,   24,    2,    1,   65,   13,    7,   92,  100,    1,   71,   13,    8
  260,20161031,  134,    8,   12,   20,   13,   10,    1,   30,   13,   85,   29,    6,  162,   14,    3,    6,   81,   83,  749,    0,    0,    0,    1,10277,10299,    1,10244,   24,    0,    4,   74,   15,    5,   90,  100,   22,   64,   13,   11
  260,20161101,  315,    8,   17,   50,   15,   10,    1,   90,   16,   81,   40,    5,  138,   12,   17,    6,    6,    6,  248,    6,    2,    2,   15,10211,10240,    1,10198,   14,    1,    2,   70,   19,    7,   96,  100,    4,   83,   14,    3
  260,20161102,  277,   21,   23,   40,   11,   10,    5,  160,   14,   72,   22,   24,  117,   14,   -1,   24,   57,   59,  636,   22,   42,   12,   15,10191,10204,   24,10182,    6,    3,   23,   75,   11,    6,   89,   99,   23,   70,   13,    9
  260,20161103,  224,   23,   23,   40,   12,   10,    1,   70,   12,   67,    8,    6,  120,   12,  -15,    6,   45,   47,  486,    6,    6,    4,   15,10200,10216,    9,10167,   24,    5,    4,   75,   11,    8,   90,  100,    1,   74,   11,    6
  260,20161104,  194,   37,   38,   50,    1,   30,    9,   80,    1,   76,   63,   24,   97,   14,   62,   24,   12,   13,  273,   33,   27,   10,   23,10101,10163,    1,10031,   24,   40,   24,   75,   11,    8,   85,   96,   24,   73,   12,    4
  260,20161105,  235,   24,   27,   40,   13,   20,    4,   90,   13,   69,   49,    7,  108,   12,   27,   12,   30,   32,  391,   35,   31,   10,   20, 9999,10023,    1, 9988,   19,    3,    7,   75,   12,    6,   91,  100,    7,   70,   12,    5
  260,20161106,  228,   23,   29,   40,    2,   10,   21,  100,    2,   61,   24,   24,   93,   15,    2,   24,   30,   32,  365,   37,   51,   15,   13, 9982,10009,   24, 9973,   13,    7,   24,   75,    1,    6,   92,  100,   24,   80,    1,    5
  260,20161107,   27,   23,   26,   50,    9,   10,    1,   90,    8,   42,   -1,   24,   57,    7,  -11,   24,    3,    3,  156,   19,   17,    7,    8,10073,10105,   21,10016,    1,    9,    1,   70,   14,    8,   94,   99,    1,   89,   14,    2
  260,20161108,  163,   13,   18,   30,   15,    0,    5,   70,   19,   19,  -29,    7,   56,   14,  -54,   12,   27,   29,  402,   14,   15,   14,   19,10087,10102,   10,10056,   24,    7,    2,   67,   16,    6,   92,   99,    2,   79,   14,    5
  260,20161109,  111,   22,   28,   40,   10,   10,   21,   70,   10,   30,    5,    4,   43,   14,   -1,    6,    0,    0,  128,   88,   37,    7,   15,10017,10054,    1, 9997,   14,   45,   24,   59,    1,    8,   96,   98,    3,   93,    1,    2
  260,20161110,   74,   19,   23,   40,   21,   10,    1,   70,   24,   40,   31,    2,   52,   15,   27,    6,    2,    2,  200,   97,  139,   37,   18,10052,10079,   24,10034,    1,    9,   17,   64,   22,    8,   96,  100,   17,   91,   13,    2
  260,20161111,   25,   25,   28,   50,    3,   10,   17,   90,    2,   18,  -31,   24,   58,   13,  -57,   24,   70,   77,  602,    9,    2,    2,    2,10201,10258,   21,10089,    1,   16,   24,   61,   11,    4,   90,   98,   19,   69,   13,    7
  260,20161112,  143,   31,   32,   40,   11,   20,    1,   90,   20,   20,  -33,    1,   50,   14,  -60,    6,   43,   48,  422,   17,    8,    5,   23,10229,10252,    2,10214,   16,   23,    1,   60,   18,    8,   87,   98,    1,   80,   19,    5
  260,20161113,  126,   21,   23,   30,    1,   10,   17,   50,    3,   27,  -10,   23,   47,   14,  -29,   24,    0,    0,  127,   48,   17,    6,    2,10260,10314,   24,10216,    1,    4,   22,   56,    1,    6,   96,  100,   22,   91,    5,    1
  260,20161114,  181,   30,   32,   50,   19,   10,    1,   90,   20,   31,  -23,    3,   69,   24,  -38,    6,    0,    0,  191,   68,   39,   14,   20,10299,10327,    9,10253,   24,    2,    3,   56,    7,    7,   97,   99,    2,   94,    9,    2
  260,20161115,  230,   29,   32,   50,    1,   20,   15,   90,    2,  108,   69,    1,  129,   16,   68,    6,    0,    0,   80,  118,   35,    6,   15,10230,10250,    1,10209,   24,    8,    9,   56,   20,    8,   98,  100,    9,   98,    1,    1
  260,20161116,  237,   38,   40,   50,   11,   20,    1,  130,   12,  119,   93,   22,  142,   13,   90,   24,   31,   35,  254,   67,   56,   26,   21,10133,10200,    1,10092,   24,    3,    1,   75,   12,    8,   91,  100,    1,   78,   13,    4
  260,20161117,  214,   52,   53,   90,   19,   30,    2,  160,   18,   93,   76,    3,  115,   19,   73,    6,   13,   15,  258,   79,  120,   39,   21,10010,10085,    1, 9931,   24,   56,   21,   74,   13,    8,   87,   95,    5,   76,   11,    4
  260,20161118,  208,   55,   55,   80,   13,   40,   21,  130,    8,   60,   32,   20,   82,    1,   23,   24,   14,   16,  265,   13,    7,    4,   10, 9964,10022,   22, 9915,    2,   65,   20,   75,   12,    7,   85,   93,   21,   74,   16,    3
  260,20161119,  196,   46,   48,   60,    7,   30,   22,  110,    7,   58,   40,    1,   81,   12,   33,    6,   35,   41,  385,    0,   -1,   -1,    8,10030,10048,   17,10008,    3,   70,    1,   75,   11,    7,   82,   87,    1,   73,   14,    5
  260,20161120,  186,   55,   73,  130,   12,   20,   22,  260,   12,   84,   48,    1,  125,   12,   41,    6,    0,    0,   93,   41,   46,   16,    7, 9934,10002,    1, 9846,   11,   59,   24,   81,   12,    8,   80,   98,   24,   63,   12,    1
  260,20161121,  148,   44,   45,   60,   14,   30,    2,  110,   19,  120,   81,    1,  139,   13,   79,    6,    1,    1,  187,   54,   49,   14,    2, 9974, 9995,   24, 9958,   15,   59,    2,   75,   12,    8,   86,   98,    2,   76,   13,    3
  260,20161122,  178,   44,   45,   60,    1,   20,   18,  110,    1,  110,   65,   23,  142,   14,   41,   24,   41,   48,  383,    0,    0,    0,    1,10078,10149,   24, 9992,    1,   70,   18,   81,   12,    8,   75,   90,   23,   60,   14,    6
  260,20161123,   45,   24,   27,   50,   22,   10,    2,  110,   24,   79,   37,    5,  111,   13,   18,    6,    5,    6,  164,    0,    0,    0,    1,10182,10215,   24,10153,    1,    7,    3,   65,   13,    8,   91,   99,    3,   82,   12,    2
  260,20161124,   46,   57,   58,   80,   12,   40,    6,  150,   12,   66,   30,   24,   87,   12,   23,   24,   40,   48,  359,    0,    0,    0,    1,10233,10243,   23,10219,    1,   60,    2,   80,   11,    8,   80,   90,    1,   65,   14,    5
  260,20161125,   49,   40,   40,   70,    2,   20,   22,  120,    2,   33,   -6,   24,   84,   14,  -29,   24,   73,   87,  484,    0,    0,    0,    1,10224,10232,   10,10214,   14,   62,   24,   83,   16,    6,   72,   90,   24,   44,   12,    6
  260,20161126,   44,    9,   10,   20,    1,    0,   17,   50,    1,   -1,  -26,    7,   36,   13,  -47,   12,   52,   63,  396,    0,    0,    0,    1,10206,10223,    2,10195,   24,   38,   19,   63,    1,    7,   91,   98,   21,   77,   12,    4
  260,20161127,  345,   17,   20,   40,   23,   10,    1,   60,   16,   56,  -10,   22,   94,   12,  -38,   24,   21,   25,  258,    0,   -1,   -1,    1,10226,10268,   24,10193,    1,   14,   21,   75,   11,    6,   86,   98,   21,   70,   13,    3
  260,20161128,   56,   27,   28,   50,   13,   10,    4,   90,   13,   -3,  -41,   24,   42,   13,  -71,   24,   71,   86,  466,    0,    0,    0,    1,10321,10352,   23,10271,    1,   65,    1,   82,   15,    0,   80,   96,    4,   56,   13,    5
  260,20161129,  127,    5,   11,   20,    1,    0,   21,   30,    1,  -31,  -70,    7,   43,   13,  -96,   24,   71,   87,  552,    0,    0,    0,    1,10350,10363,   10,10339,   19,   40,    4,   80,   12,    0,   85,   95,    4,   54,   13,    5
  260,20161130,  230,   25,   25,   30,    9,    0,    1,   70,   14,   20,  -70,    1,   68,   14,  -95,    6,   35,   43,  248,    0,    0,    0,    1,10314,10337,    1,10294,   23,   57,    1,   70,   12,    8,   86,   94,    1,   77,   14,    3
  260,20161201,  259,   29,   31,   40,    5,   20,   22,   80,   15,   79,   51,    1,   94,   15,   49,    6,   12,   15,  162,    0,   -1,   -1,   23,10257,10291,    1,10233,   22,   59,    7,   75,   24,    8,   87,   91,    8,   77,   24,    2
  260,20161202,  334,   17,   20,   30,    1,   10,   16,   60,    2,   52,  -25,   24,   94,    1,  -48,   24,    5,    6,  172,   21,    9,    3,   10,10241,10258,   23,10227,    5,    3,   21,   75,    1,    5,   90,   99,   21,   73,    1,    2
  260,20161203,   35,    6,    8,   10,    1,    0,    9,   20,    3,   -1,  -43,   24,   81,   13,  -67,   24,   37,   46,  291,    0,    0,    0,    1,10268,10278,   24,10257,    1,    9,    1,   80,   14,    4,   93,   98,    1,   64,   13,    3
  260,20161204,   77,   23,   24,   30,   12,   10,    1,   50,   12,  -14,  -50,    3,   40,   14,  -85,   12,   70,   87,  450,    0,    0,    0,    1,10276,10287,    9,10265,   24,   49,    3,   78,   14,    0,   85,   96,    1,   64,   14,    5
  260,20161205,  124,   13,   14,   20,    1,   10,    3,   40,   11,  -27,  -69,    4,   41,   14,  -90,    6,   67,   84,  393,    0,    0,    0,    1,10269,10280,   23,10261,    5,   56,   22,   74,   12,    2,   87,   97,   22,   68,   12,    4
  260,20161206,  144,   18,   19,   30,   18,   10,    1,   50,   17,    1,  -53,    2,   54,   14,  -75,    6,   68,   85,  404,    0,    0,    0,    1,10300,10310,   20,10282,    1,   33,    6,   60,   12,    6,   89,   96,    3,   78,   12,    4
  260,20161207,  194,   37,   38,   60,   23,   20,    3,   90,   21,   63,   18,    2,   95,   15,   13,    6,    6,    8,  152,    0,    0,    0,    1,10287,10301,    2,10279,   14,   58,    1,   73,   16,    8,   79,   91,    2,   74,   12,    2
  260,20161208,  208,   45,   45,   60,   22,   40,    3,  100,   21,   82,   64,    2,   96,   23,   53,    6,   20,   25,  213,    5,    1,    1,   18,10267,10283,    1,10248,   15,   56,   18,   80,    6,    8,   73,   90,   24,   63,   14,    3
  260,20161209,  217,   39,   40,   50,   18,   30,    5,   90,   14,   91,   74,   24,  104,   14,   67,   24,    0,    0,   78,    0,    0,    0,    1,10263,10277,   10,10243,   24,   11,    8,   60,   18,    8,   91,   98,    6,   86,   18,    1
  260,20161210,  215,   43,   43,   60,   22,   30,   11,  100,   23,   78,   66,    4,   92,   23,   59,    6,    0,    0,   28,   72,   49,   23,   24,10210,10237,    1,10143,   24,    7,   18,   61,    6,    8,   93,   99,   18,   85,    6,    0
  260,20161211,  278,   35,   38,   70,    1,   20,   24,  150,    2,   85,   69,   24,   96,    1,   56,   24,   15,   19,  172,   28,   17,    9,    1,10201,10234,   24,10129,    1,   50,   19,   70,    5,    7,   87,   94,   24,   80,   12,    2
  260,20161212,  176,   17,   20,   30,   15,   10,    2,   50,   15,   53,    8,    5,   76,   14,  -14,    6,    0,    0,  135,    0,    0,    0,    1,10250,10261,   10,10237,    1,    1,    5,   66,   23,    7,   96,  100,    7,   87,   22,    2
  260,20161213,  191,   27,   28,   40,    2,   20,   13,   70,    2,   66,   53,    1,   75,   24,   52,    6,    0,    0,   56,    3,    1,    1,   21,10229,10236,   10,10224,   23,    9,   14,   68,    1,    8,   96,   99,   14,   86,    1,    1
  260,20161214,  158,   20,   23,   30,    1,   20,    2,   60,    7,   73,   48,   20,   91,   14,   19,   24,   17,   22,  220,    0,    0,    0,    1,10234,10250,   24,10219,    5,    1,    3,   58,   12,    8,   96,  100,    1,   87,   13,    3
  260,20161215,  137,   39,   40,   50,   11,   30,    2,   90,   11,   65,   52,   24,   79,   17,   42,   24,    0,    0,   64,    0,    0,    0,    1,10245,10256,   10,10236,   16,    4,    3,   59,   19,    8,   95,  100,    4,   88,   17,    1
  260,20161216,  145,   30,   30,   40,    2,   20,   16,   70,    4,   54,   27,   24,   75,   13,    3,   24,   25,   32,  228,    0,    0,    0,    1,10282,10332,   24,10241,    1,   56,    1,   61,   13,    7,   88,   93,   24,   80,   13,    3
  260,20161217,  221,   12,   18,   30,   23,   10,    5,   60,   24,   61,   32,    3,   85,   15,   12,    6,    0,    0,   59,    0,   -1,   -1,   16,10366,10391,   19,10333,    1,   18,   24,   57,    1,    8,   93,   98,   24,   88,   14,    1
  260,20161218,  249,   17,   20,   30,    4,    0,   21,   60,    5,   62,   26,   23,   91,   13,    9,   24,   13,   17,  159,    0,    0,    0,    1,10348,10378,    1,10317,   24,    1,   21,   62,   14,    8,   95,  100,    2,   86,   13,    2
  260,20161219,  103,   22,   23,   40,   14,   10,    1,   70,   17,   43,   -2,   24,   75,   12,  -26,   24,   45,   58,  262,    0,    0,    0,    1,10287,10315,    1,10265,   24,    2,    1,   60,   12,    5,   93,  100,    2,   81,   12,    3
  260,20161220,  100,   15,   22,   30,    1,   10,   10,   50,   12,   -6,  -27,    6,   10,   15,  -53,    6,   53,   69,  311,    0,    0,    0,    1,10236,10264,    2,10217,   18,    2,   17,   56,   11,    3,   96,   99,   16,   89,   10,    3
  260,20161221,  193,   46,   46,   60,    7,   30,    1,  110,   10,   41,    0,    3,   71,   16,   -8,    6,    3,    4,  185,   40,   24,   10,   22,10235,10250,   22,10224,    1,   47,    2,   75,   17,    7,   86,   96,   24,   76,   16,    2
  260,20161222,  212,   33,   34,   50,   21,   20,    8,  100,   23,   59,   48,   24,   69,   12,   40,   24,    0,    0,   98,   35,   15,    4,    1,10276,10311,   24,10242,    5,   31,   14,   58,   10,    7,   96,   97,    2,   94,   11,    1
  260,20161223,  206,   53,   54,   80,   18,   40,    1,  140,   19,   60,   43,    5,   80,   15,   37,    6,   13,   17,  143,   20,    8,    4,   22,10281,10320,    8,10214,   23,    8,    8,   76,   15,    8,   90,   99,    8,   80,   15,    2
  260,20161224,  242,   50,   50,   70,    1,   30,    8,  150,    1,   79,   61,    9,   97,   21,   54,   12,   10,   13,  192,   17,   10,    5,   23,10233,10239,   10,10215,    1,   61,    3,   65,   20,    8,   83,   94,    3,   74,   11,    3
  260,20161225,  239,   61,   61,   70,   12,   50,    1,  140,   13,  104,   81,    1,  117,   23,   78,    6,    0,    0,   45,    9,    5,    2,    5,10220,10233,    1,10215,    5,   57,    7,   70,   15,    8,   88,   93,   14,   84,   23,    1
  260,20161226,  269,   52,   55,   70,    1,   40,    7,  160,    3,   83,   61,   20,  118,    3,   50,   24,   46,   60,  285,    7,   19,   18,    6,10275,10346,   24,10206,    4,   50,    6,   77,   12,    4,   73,   94,    6,   56,   13,    4
  260,20161227,  279,   26,   28,   50,    2,   20,    7,  100,    1,   66,   30,   24,   93,   13,    8,   24,   55,   71,  293,   18,   11,    6,    5,10410,10448,   22,10350,    1,   57,    4,   67,    5,    5,   85,   95,   23,   75,    1,    4
  260,20161228,  186,   13,   15,   20,    8,   10,    1,   40,    1,   10,  -31,   24,   43,    1,  -56,   24,    0,    0,  116,    0,    0,    0,    1,10445,10456,   11,10427,   24,    1,    2,   59,   19,    6,   98,  100,    3,   90,   19,    1
  260,20161229,  160,   15,   18,   30,   10,   10,    1,   50,   10,  -22,  -40,    3,   -8,   15,  -57,    6,    0,    0,  144,    0,   -1,   -1,   24,10399,10425,    2,10381,   23,    0,    5,    9,   14,    8,   99,  100,    5,   98,    1,    1
  260,20161230,  204,   19,   22,   40,   18,   10,    3,   60,   17,  -11,  -40,    5,   15,   23,  -40,    6,    6,    8,  169,    0,   -1,   -1,    1,10366,10378,    1,10346,   24,    2,    3,   33,   14,    8,   98,  100,   20,   96,   16,    2
  260,20161231,  199,   33,   34,   40,   13,   30,    1,   70,   13,   18,    8,    9,   33,   15,   10,   12,    0,    0,   83,    5,    2,    2,   24,10303,10342,    1,10242,   24,    1,   24,   16,   14,    8,   99,  100,    5,   98,   12,    1
  260,20170101,  208,   38,   39,   50,    9,   10,   23,   90,    9,    5,   -8,   15,   19,   24,   -7,   18,    0,    0,   56,   50,   19,    5,   23,10188,10234,    1,10166,   17,    3,    2,   34,   21,    8,   97,  100,    9,   95,   16,    1
  260,20170102,  306,   19,   22,   30,    8,   10,   16,   90,   17,   30,   -3,    7,   68,   13,  -25,   12,   43,   55,  320,   10,    5,    2,   17,10233,10255,   23,10196,    1,   25,    1,   77,   13,    5,   87,   98,    1,   68,   13,    4
  260,20170103,  256,   42,   43,   60,   18,   20,    1,  120,   21,   50,   15,    1,   71,   24,    1,    6,    5,    6,  117,    6,    7,    6,    4,10217,10254,    2,10163,   24,   61,    4,   75,   12,    7,   85,   93,    1,   77,   13,    1
  260,20170104,  314,   45,   47,   60,    2,   20,   22,  160,    9,   58,   26,   24,   73,    2,    5,   24,   33,   42,  274,   11,   18,   13,   15,10172,10234,   24,10143,    4,   57,    2,   75,   10,    6,   75,   93,    3,   59,   14,    4
  260,20170105,   33,   18,   23,   40,   13,   10,   20,   70,    5,    0,  -59,   23,   33,    5,  -83,   24,   58,   73,  378,    0,   -1,   -1,    2,10330,10404,   24,10238,    1,   65,    7,   82,   13,    3,   81,   96,    8,   58,   13,    4
  260,20170106,  170,   25,   27,   40,   14,   10,    1,   70,   22,  -30,  -65,    7,   -3,   14,  -90,   12,   62,   78,  392,    0,    0,    0,    1,10390,10415,    9,10352,   24,   65,    1,   76,   13,    8,   77,   93,    1,   63,   14,    4
  260,20170107,  206,   28,   32,   50,    3,   10,   19,   90,    4,   -2,  -21,    2,   34,   24,  -20,    6,    0,    0,   61,   94,   52,   11,    8,10307,10347,    1,10294,   15,    1,   19,   56,    8,    8,   97,  100,   21,   90,    1,    1
  260,20170108,  324,    9,   14,   20,    1,   10,    2,   40,    1,   43,   28,    9,   61,   17,   13,    6,    0,    0,  121,    0,    0,    0,    1,10310,10320,   17,10295,    1,    2,    9,   70,   17,    8,   97,  100,    8,   89,   17,    1
  260,20170109,  186,   38,   39,   60,   19,   20,    1,  110,   23,   48,   33,    1,   59,   23,   29,    6,    0,    0,   62,   41,   48,   20,   24,10198,10295,    1,10071,   24,    2,    6,   58,    1,    8,   97,  100,    6,   94,   19,    1
  260,20170110,  219,   27,   29,   50,    1,   10,    3,  100,    1,   53,   29,    7,   66,   15,    8,   12,   10,   12,  192,   48,   38,    9,    2,10087,10112,   22,10061,    4,   47,    2,   70,   12,    7,   94,   97,    2,   88,   12,    2
  260,20170111,  261,   53,   63,   80,    9,   40,    1,  170,   19,   72,   57,    1,  104,   12,   53,    6,   28,   35,  254,   16,    5,    2,   12,10060,10100,    1,10023,   11,   46,    8,   71,   14,    7,   77,   95,    1,   62,   24,    3
  260,20170112,  234,   31,   47,   60,   12,   30,   18,  140,    1,   52,    2,   24,   74,   12,    2,   24,   14,   17,  222,   80,  143,   33,   21,10012,10097,    3, 9843,   23,    9,   23,   70,    2,    8,   80,   98,   23,   66,    1,    3
  260,20170113,  293,   40,   49,   70,   20,   20,   18,  140,    6,   31,    2,    1,   56,   22,    2,    6,   32,   39,  332,   54,   96,   28,    2, 9989,10068,   24, 9859,    1,    9,    1,   81,   13,    7,   81,   98,    1,   59,   13,    4
  260,20170114,  297,   29,   33,   50,    1,   20,    8,  170,    3,   18,    1,   24,   48,    1,  -11,   24,   23,   28,  194,   36,   51,   14,   12,10129,10175,   24,10073,    1,   49,   10,   75,   16,    6,   87,   96,   23,   64,    1,    2
  260,20170115,  273,   15,   16,   20,    1,   10,   12,   40,    1,    7,  -18,    5,   48,   15,  -38,   24,   33,   40,  292,    0,    0,    0,    1,10209,10239,   24,10177,    1,   50,   20,   75,   13,    7,   91,   98,   19,   75,   14,    3
  260,20170116,   61,   14,   18,   30,   13,   10,    3,   50,   10,  -16,  -44,   24,   12,    1,  -43,   24,   18,   22,  275,    0,   -1,   -1,   23,10290,10348,   24,10240,    1,    4,    7,   62,    1,    7,   95,   99,    6,   86,   18,    3
  260,20170117,  114,   15,   18,   30,   10,    0,   15,   50,   10,  -34,  -50,    3,   13,   15,  -74,   24,   36,   43,  362,    0,    0,    0,    1,10382,10402,   23,10347,    1,    3,   21,   58,   14,    7,   90,   99,   21,   69,   15,    3
  260,20170118,  103,   11,   13,   20,    1,   10,    4,   40,   11,  -38,  -53,    4,  -19,   14,  -66,   24,   18,   22,  214,    0,   -1,   -1,    4,10399,10412,   10,10389,   24,    6,    2,   33,   13,    7,   95,   98,    2,   92,   19,    2
  260,20170119,   51,   12,   13,   20,   15,    0,    3,   30,   13,  -20,  -56,    8,   35,   14,  -75,   12,   67,   80,  570,    0,    0,    0,    1,10381,10391,    9,10369,   24,   28,    5,   68,   13,    3,   86,   96,    7,   59,   14,    6
  260,20170120,   58,   20,   20,   30,   12,   10,    1,   50,   12,   -3,  -52,    5,   51,   13,  -74,    6,   71,   84,  456,    0,    0,    0,    1,10353,10366,    1,10335,   24,   56,    2,   83,   19,    4,   71,   95,    2,   40,   12,    5
  260,20170121,   84,   22,   23,   40,   10,   10,    1,   60,    9,   -2,  -52,   24,   50,   14,  -84,   24,   75,   88,  503,    0,    0,    0,    1,10300,10329,    1,10280,   16,   39,   24,   79,   16,    3,   87,   97,    4,   62,   15,    5
  260,20170122,    7,    2,   11,   20,   15,    0,   17,   50,   20,  -17,  -74,    7,   37,   14, -106,   12,   75,   88,  637,    0,    0,    0,    1,10274,10281,   10,10267,   14,   33,    2,   62,   13,    4,   87,   96,    3,   63,   13,    6
  260,20170123,  196,   16,   20,   30,   12,    0,    4,   60,   16,   16,   -3,    5,   31,   12,   -9,    6,    2,    2,  180,    0,   -1,   -1,   16,10270,10282,   10,10261,   23,    1,   24,   56,   11,    8,   91,  100,   24,   82,   12,    2
  260,20170124,  155,   19,   20,   30,   15,   10,    5,   50,   20,    8,    0,   19,   21,   14,    1,   24,    0,    0,  152,    4,    3,    3,    3,10288,10315,   23,10259,    3,    1,    6,   31,   23,    8,   99,  100,    1,   96,   23,    2
  260,20170125,  124,   22,   24,   40,   12,    0,    7,   60,   11,  -11,  -43,   23,    6,   11,  -67,   24,    0,    0,  162,    0,    0,    0,    1,10304,10319,    9,10287,   24,   22,    1,   57,   11,    6,   86,   97,    1,   80,   12,    2
  260,20170126,  123,   29,   31,   40,   10,   20,   19,   80,   12,  -28,  -53,    4,    6,   15,  -82,   24,   65,   74,  480,    0,    0,    0,    1,10241,10281,    1,10196,   24,   57,    1,   64,   15,    0,   82,   90,   23,   72,   15,    5
  260,20170127,  144,   34,   35,   50,    9,   10,    2,   90,    9,    8,  -70,    3,   51,   14,  -96,    6,   57,   65,  429,    0,    0,    0,    1,10168,10189,    1,10160,    8,   56,    2,   69,   24,    5,   75,   95,    3,   66,   24,    5
  260,20170128,  164,   34,   36,   50,    3,   20,   17,   80,    9,   54,   20,    5,   81,   15,   10,    6,   16,   18,  329,    0,   -1,   -1,   19,10153,10166,   24,10143,   14,   62,   22,   77,   10,    8,   72,   89,   20,   59,    9,    4
  260,20170129,  190,   36,   38,   50,   10,   20,   18,  100,   10,   47,   31,   19,   65,   14,   14,   18,    5,    6,  198,   42,   36,   16,    5,10165,10171,   10,10136,   24,   56,    5,   70,   16,    8,   90,   95,    6,   83,   16,    2
  260,20170130,  262,    6,   37,   50,    1,   20,   20,  100,    2,   49,   28,   19,   72,    9,   27,   24,    0,    0,  109,   80,   65,   21,    5,10107,10150,   24,10075,    7,   20,    8,   70,   24,    8,   93,   98,    6,   85,   24,    1
  260,20170131,   87,   13,   23,   40,   21,   10,    7,   90,   23,   37,   26,   24,   61,   13,   18,   24,    8,    9,  267,    0,    0,    0,    1,10168,10180,   19,10151,    1,   56,   24,   72,   13,    8,   84,   89,    8,   78,   13,    3
  260,20170201,  144,   48,   48,   60,   16,   30,    3,  100,   11,   34,    5,    3,   54,   23,   -8,    6,    0,    0,  216,   30,   12,    4,   20,10130,10173,    1,10090,   24,   43,   23,   73,   17,    8,   87,   95,   23,   76,   14,    3
  260,20170202,  152,   44,   44,   60,   14,   30,    2,  110,   15,   86,   52,    4,  125,   14,   42,    6,   31,   34,  482,   18,   10,    7,   24,10049,10086,    1,10020,   23,   47,    4,   75,   14,    8,   87,   97,    4,   74,   14,    7
  260,20170203,  162,   31,   33,   50,   22,   20,    6,   80,   21,   86,   63,   23,  119,   14,   45,   18,   15,   16,  345,    3,    1,    1,    1,10013,10034,   10, 9973,   24,   61,    1,   75,   14,    7,   83,   94,    6,   72,   13,    5
  260,20170204,  138,   12,   26,   40,    2,   10,   20,   90,    4,   57,   26,    8,   74,   13,   13,   12,    2,    2,  262,   89,   83,   13,   17, 9992,10005,   24, 9976,    1,   18,   22,   75,   13,    7,   91,   98,   21,   77,   13,    3
  260,20170205,   28,    4,   21,   30,    1,   10,    5,   60,    2,   44,  -11,   24,   77,   14,  -32,   24,   41,   44,  492,    0,   -1,   -1,    1,10040,10116,   24,10007,    1,    2,    6,   63,   14,    8,   92,  100,    6,   78,   14,    6
  260,20170206,   64,   12,   18,   30,   19,    0,   14,   60,   23,   43,  -10,    1,   66,   14,  -32,    6,    0,    0,  205,    0,    0,    0,    1,10178,10199,   18,10122,    1,   31,    5,   62,   12,    8,   91,   98,    4,   82,   13,    3
  260,20170207,   88,   41,   42,   50,    5,   40,    1,   80,    5,   24,    9,   24,   39,    1,    9,   24,    0,    0,  123,  104,   25,    4,   17,10173,10193,   24,10161,   13,   21,   12,   57,    4,    8,   93,   97,   16,   88,    1,    1
  260,20170208,   55,   37,   38,   40,    1,   30,    8,   80,    1,    0,  -11,   24,    9,    1,  -11,   24,    0,    0,   87,    7,    2,    1,   15,10249,10292,   23,10196,    1,   21,   15,   56,   24,    8,   92,   96,    1,   85,   24,    1
  260,20170209,   66,   39,   40,   50,   13,   30,    3,   80,   13,  -16,  -30,   24,  -10,   14,  -36,   24,    0,    0,  142,    0,   -1,   -1,    4,10281,10296,    7,10257,   24,   38,    5,   56,    1,    8,   83,   89,    5,   80,   20,    1
  260,20170210,   57,   34,   34,   50,    9,   20,   21,   80,    9,  -23,  -45,    5,  -13,   14,  -50,    6,    0,    0,  149,   14,    2,    1,   20,10234,10254,    1,10222,   22,   20,   20,   56,    3,    8,   85,   91,   20,   81,    9,    1
  260,20170211,   55,   33,   33,   50,   23,   20,    1,   70,    7,   -4,  -17,    1,   10,   15,  -18,    6,    0,    0,  203,   71,   45,   11,   24,10215,10223,    8,10207,   14,    6,   23,   40,   14,    8,   90,   97,   20,   84,   15,    2
  260,20170212,   79,   50,   50,   60,   12,   40,    2,  100,   15,    7,   -6,    1,   25,   15,  -12,   24,   45,   46,  538,    7,    3,    2,    1,10261,10296,   23,10216,    1,   25,    1,   56,   11,    5,   87,   95,    1,   81,   14,    6
  260,20170213,   86,   54,   55,   70,   15,   40,    1,  110,   15,   22,  -14,    7,   71,   16,  -22,   12,   87,   89,  820,    0,    0,    0,    1,10287,10299,    1,10274,   16,   40,    3,   62,   15,    0,   76,   89,    4,   63,   14,    9
  260,20170214,  117,   34,   38,   70,    1,   20,   19,  110,    1,   38,   -5,    7,   94,   15,  -21,   24,   87,   88,  826,    0,    0,    0,    1,10292,10312,   24,10271,    4,   58,    5,   64,   13,    0,   68,   78,   20,   53,   15,   10
  260,20170215,  173,   24,   28,   40,   13,   20,    1,   80,   24,   74,    3,    6,  135,   16,  -26,    6,   75,   76,  756,    0,   -1,   -1,   21,10311,10327,    9,10301,   16,   59,    5,   70,   24,    2,   74,   87,   23,   60,   12,   10
  260,20170216,  235,   35,   36,   40,    1,   20,   21,   90,   16,   68,   55,    7,   99,   16,   45,    6,    7,    7,  277,    2,    5,    5,   23,10286,10306,    2,10257,   24,   11,    8,   70,    1,    7,   91,   98,    7,   83,   14,    4
  260,20170217,  281,   26,   29,   40,    2,   10,   20,   90,   11,   70,   52,    2,   86,   14,   47,    6,    2,    2,  297,   12,    6,    4,    6,10259,10281,   24,10240,    6,   23,   24,   65,   14,    8,   91,   98,   23,   85,   14,    4
  260,20170218,  200,   20,   22,   40,   16,   10,    1,   70,   22,   56,   32,    7,  103,   15,    1,   24,   49,   48,  657,    0,    0,    0,    1,10262,10280,    1,10238,   23,    2,    7,   65,   22,    6,   88,  100,    3,   67,   15,    8
  260,20170219,  238,   31,   34,   50,    8,   20,   18,   90,    8,   62,   32,    4,   92,   15,   23,    6,    4,    4,  225,    8,    6,    3,   10,10208,10231,    1,10197,   14,   20,   10,   64,   16,    7,   89,   96,   10,   81,   15,    3
  260,20170220,  239,   45,   48,   60,   11,   30,   23,  110,   13,   91,   72,    2,  109,   22,   69,    6,    0,    0,  156,   57,   53,   28,   21,10154,10194,    1,10133,   18,   23,    4,   70,   22,    8,   95,   98,   11,   85,   24,    2
  260,20170221,  257,   39,   44,   70,   22,   30,    7,  150,   24,   96,   86,    6,  111,   15,   78,   18,   54,   52,  720,   13,    3,    2,   22,10134,10159,   11,10083,   24,   50,   20,   80,   15,    8,   81,   95,   21,   61,   15,   10
  260,20170222,  247,   62,   63,   80,    1,   30,   24,  160,    5,   95,   78,   15,  108,   11,   79,   18,    0,    0,  111,  128,  175,   58,   15,10053,10076,    1,10041,   14,   50,   15,   65,    2,    8,   91,   97,   15,   85,   10,    2
  260,20170223,  247,   74,   83,  130,   17,   20,    2,  250,   17,   80,   42,   24,  105,   14,   40,   24,    2,    2,  163,  153,  145,   23,    4, 9938,10039,    1, 9863,   16,   34,    8,   76,   18,    8,   85,   97,    3,   62,   18,    2
  260,20170224,  286,   28,   32,   50,    1,   20,    9,  140,    1,   45,   -6,   23,   87,   14,  -33,   24,   68,   65,  825,    5,    6,    5,    2,10133,10201,   24,10017,    1,   56,    2,   81,   12,    4,   78,   98,   23,   55,   15,   10
  260,20170225,  208,   53,   53,   70,   11,   20,    1,  140,   19,   58,   18,    1,   89,   20,    2,    6,    5,    5,  336,   21,    7,    4,   23,10159,10200,    1,10116,   24,   58,    1,   80,   13,    8,   77,   97,    1,   65,   15,    4
  260,20170226,  209,   53,   53,   60,    2,   50,    1,  110,    8,   87,   67,    7,  106,   22,   66,    6,    0,    0,  173,   28,   21,   11,    5,10086,10111,    1,10055,   24,   38,    6,   75,   22,    8,   86,   94,   11,   79,   22,    2
  260,20170227,  200,   60,   62,   80,   20,   40,   15,  150,   10,   87,   43,   24,  106,   12,   39,   24,    3,    3,  199,   41,  138,   55,   15, 9947,10050,    1, 9873,   23,   50,   15,   80,    8,    8,   78,   95,   14,   69,    8,    3
  260,20170228,  223,   61,   63,   90,    8,   40,   15,  180,    8,   47,   32,    5,   65,   13,   24,   24,   21,   19,  461,   35,   28,   11,    8, 9893, 9938,   24, 9864,    6,   59,    7,   75,    1,    7,   81,   92,    5,   73,   12,    6
  260,20170301,  228,   31,   37,   60,   14,   20,   18,  110,   11,   63,   32,    1,   94,   14,   29,    6,   38,   35,  641,   58,   35,   13,   20, 9976,10005,   12, 9933,    3,   36,   23,   83,   14,    8,   85,   98,   23,   61,   14,    8
  260,20170302,  253,   59,   62,   90,    4,   40,    1,  210,    3,   66,   42,    7,   82,   17,   34,   24,   11,   10,  323,   50,   84,   43,    3,10064,10138,   22, 9964,    2,   41,    2,   80,   16,    7,   77,   96,    2,   64,    5,    4
  260,20170303,  149,   36,   39,   60,   11,   20,    3,   90,   11,   59,   12,    7,   88,   19,   -6,   12,   14,   13,  433,   15,   11,    6,   14,10039,10134,    1, 9950,   24,   62,   14,   80,   18,    8,   79,   91,    3,   67,   19,    6
  260,20170304,  179,   25,   32,   50,   12,   10,   18,   90,   12,   92,   62,   24,  132,   15,   57,    6,    6,    5,  494,   37,   61,   21,   22, 9924, 9945,   24, 9906,   13,   34,   20,   75,    6,    8,   82,   97,   20,   70,   12,    7
  260,20170305,  190,   51,   54,   70,   11,   30,   20,  140,   12,   69,   38,   24,  106,   13,   26,   24,   42,   38,  741,   40,   38,   14,   17, 9958, 9975,    7, 9943,   16,   61,   24,   80,   12,    7,   83,   95,   24,   57,   12,   10
  260,20170306,  300,    4,   21,   30,    1,   10,    6,   80,   18,   60,   32,    3,   95,   16,   16,    6,   43,   38,  731,   22,   23,   16,   19,10012,10086,   24, 9970,    1,   49,    8,   80,   14,    7,   88,   97,    7,   61,   16,   10
  260,20170307,  281,   23,   25,   40,   12,   10,    6,   80,   14,   67,   45,   24,   94,   14,   28,   24,   16,   14,  493,    1,    1,    1,   13,10149,10194,   21,10092,    1,   41,    7,   75,   14,    8,   86,   97,    3,   70,   14,    7
  260,20170308,  204,   26,   38,   70,   10,   20,    2,  120,   10,   59,    8,   24,  106,   16,  -13,   24,    2,    2,  151,   86,  137,   24,    8,10137,10184,    1,10096,   13,    4,   24,   65,   17,    7,   94,   99,   24,   86,    6,    2
  260,20170309,  284,   27,   40,   80,   14,   10,    5,  150,   13,   77,    7,    1,  128,   14,  -19,    6,   45,   40,  681,     ,     ,     ,     ,10193,10268,   24,10156,   10,    1,    3,   82,   15,    6,   86,  100,    1,   58,   15,    9
